spawns:
  default:
    world: 519c10bf-373e-4757-9b9f-4f0b6215c4d5
    world-name: world
    x: -13.346442680243657
    y: 53.0
    z: 3.46593674737181
    yaw: -86.84674072265625
    pitch: -2.4001448154449463
